3
7
2
1
80520
63199
89258
91266
86156
89263
63178
63365
89244
63095
842
258
850
842
253
735
870
733
793
878
857
841
877
867
255
812
807
257
254
253
827
817
865
828
882
869
879
867
733
731
740
254
848
254
829
887
864
815
255
808
256
874
805
880
869
735
253
720
725
869
815
734
719
857
833
723
868
750
730
833
874
861
735
253
868
253
870
805
852
872
748
722
865
806
807
875
812
253
738
811
815
253
255
250
829
856
741
805
783
800
253
891
254
841
735
258
865
858
729
806
903
855
796
620
793
883
904
877
634
633
804
910
869
628
638
907
923
892
789
801
895
827
813
914
810
636
853
886
803
643
899
916
911
633
885
912
635
792
793
812
806
908
900
909
888
894
643
907
802
817
785
906
895
857
807
896
906
890
813
635
824
831
815
918
804
811
820
872
908
886
896
640
918
912
818
892
819
849
846
908
893
814
898
866
628
639
633
844
892
917
634
881
909
860
636
886
627
626
859
638
