3
6
2
1
80406
63199
89242
91253
86120
89243
63178
63365
89227
63095
839
258
850
840
253
730
869
731
793
877
857
839
877
867
255
811
802
257
254
253
827
816
865
823
882
868
879
867
732
723
737
254
848
254
829
887
864
815
255
801
256
874
802
879
868
728
253
719
721
869
810
725
717
857
831
721
868
749
725
833
874
859
730
253
868
253
870
802
852
872
745
719
865
806
807
875
812
253
735
809
815
253
255
250
825
856
736
804
779
796
253
889
254
841
728
258
865
856
725
803
903
855
794
620
792
883
904
876
634
633
804
910
868
628
638
905
923
892
788
799
895
823
808
914
809
636
853
886
803
643
899
916
911
633
885
912
635
789
793
811
805
908
900
909
888
894
643
907
802
817
779
905
895
857
805
896
906
890
813
635
822
829
814
918
803
811
818
872
907
886
896
640
918
912
817
892
819
849
846
908
893
811
898
866
628
639
633
843
892
917
634
881
909
860
636
885
627
626
859
638
