Description:
王大锤和王小可发现了一个巨大的矩形烧饼。但是烧饼上面有很多点占了一点点灰（用1表示）。王大锤和王小可只喜欢吃正棱形（不旋转原始矩形）的烧饼，那样才有家乡的味道，所以他们要从原来的烧饼里面分出一部分来（选一部分点构成正棱形）。同时他们能够忍受正棱形的烧饼中有少于k个点占了灰（边界上的灰点也包括）。求最大的正棱形烧饼的一条边上有多少个原来矩形的点？

Input:
多case，结尾以EOF结束
第一行，3个整数:n m k, (1<= n, m, k <= 1000),表示矩形烧饼n行m列，以及他们能够忍受的灰点的个数。
下面n行m列个数，为0或者为1，为1表示灰尘占了，0表示干净的点。

Output:
输出最大的满足要求的正棱形的一条边上有多少个原来的点。(一个点也可以看作正棱形）

Sample Input：
3 3 2
0 1 0
1 0 0
0 0 0

3 3 1
0 1 0
1 0 0
0 0 0

4 4 2
0 1 0 0
1 1 0 1
0 0 1 1
0 1 1 0

4 4 2
0 1 0 0
1 1 0 1
0 0 1 1
0 1 0 0

Sample Output:
2
1
1
2

